0726077220130928 726 7 772 19 772
0366070420131005 366 38 704 35 704
0457064820130829 457 10 648 27 648
0388022920131012 229 23 388 24 229
0196049020131123 196 42 490 28 490
0147074620131102 147 59 746 10 746
0231066420131005 231 24 664 23 664
0497071820131005 497 21 718 24 718
0674072520130914 674 34 725 20 725
0295047220131130 295 16 472 24 472
0037069720131019 37 45 697 41 697
0009023120131012 9 27 231 24 231
0646069420130928 646 24 694 31 694
0419049720131012 419 7 497 34 497
0257025520131130 255 34 257 41 255
0305030620130829 306 73 305 35 306
0229065120130914 229 28 651 10 651
0129051920131012 129 26 519 23 519
0529075620131012 529 45 756 24 756
0587016420131130 164 28 587 17 164
0523029520131109 295 38 523 59 295
0529002920131123 29 42 529 16 29
0671077220131015 671 37 772 20 772
0749068820131102 688 13 749 0 688
0047049720130914 47 27 497 34 497
0110073220131003 110 34 732 27 732
0503070920131120 503 35 709 17 709
0721047320131108 473 45 721 37 473
0428050920131019 428 20 509 17 509
0498005120130921 51 70 498 7 51
0400032720130914 327 37 400 7 327
0676070020130907 700 61 676 13 700
0497036620131019 366 13 497 28 366
0051052120131123 51 17 521 49 521
0312046320131129 312 38 463 17 463
0235043420131019 235 17 434 36 434
0749006720130906 67 24 749 10 67
0756002820131019 28 53 756 24 28
0193040420130907 193 28 404 14 404
0229000920131005 9 23 229 37 9
0388023120131123 231 10 388 48 231
0646071620131005 646 33 716 34 716
0697043320131012 433 38 697 41 433
0367016420131108 164 10 367 31 164
0513041820130907 418 41 513 30 418
0706038820131005 388 34 706 10 388
0334073620131116 334 6 736 22 736
0509046320131102 463 27 509 24 463
0327070320130921 327 21 703 31 703
0550010720130907 107 37 550 30 107
0031023520131005 31 10 235 30 235
0731065720130921 657 17 731 14 657
0718068820130921 688 52 718 17 688
0683008620130914 86 26 683 23 86
0768005120131005 51 73 768 42 51
0009036520130907 9 17 365 56 365
0029075620130928 29 13 756 31 756
0529067420131107 529 20 674 26 674
0007033420131102 334 48 7 14 334
0772072520131109 725 17 772 21 725
0811072120130921 721 23 811 56 721
0365000820131109 8 38 365 17 8
0657027720130829 277 13 657 30 277
0295003020131012 30 48 295 24 30
0700032820131005 328 16 700 54 328
0466006620131019 66 34 466 17 66
0156000820130921 8 31 156 6 8
0574049720131031 497 28 574 16 497
0671032720130907 327 48 671 27 327
0365069820130831 365 37 698 27 -1
0328057420130914 328 14 574 23 574
0255041520131005 255 30 415 45 415
0067065720130914 67 7 657 35 657
0709012920130921 129 17 709 38 129
0670067120131005 670 24 671 48 671
0005041820130914 5 24 418 28 418
0719007120130829 71 34 719 7 71
0704041920131130 419 48 704 17 419
0522070320131012 522 20 703 36 -1
0811006620131116 66 48 811 7 66
0235033420130928 235 24 334 7 334
0504031120130831 311 20 504 28 311
0725004720130907 47 40 725 14 47
0690040420131130 404 21 690 41 404
0457054520131116 457 34 545 27 545
0193023420131207 193 7 234 45 -1
0522032820131019 328 19 522 34 328
0028075420131031 28 55 754 21 754
0539030620131005 306 44 539 24 306
0277072620131109 277 28 726 42 726
0418016420130921 164 21 418 24 164
0017043020130907 430 51 17 7 430
0234074920131109 234 59 749 3 749
0726070920131019 709 45 726 44 709
0404036720131123 367 24 404 17 367
0688039220131109 392 3 688 20 392
0235041520130907 235 16 415 21 415
0005012820130829 5 7 128 38 128
0732065720131026 657 19 732 3 657
0236069020130914 690 29 236 30 690
0796051820130928 518 31 796 24 518
0671025420131116 254 21 671 35 254
0204053920130907 204 7 539 45 539
0671003120130831 31 34 671 14 31
0110052920131026 110 14 529 42 529
0365025720130928 257 44 365 41 257
0157073220131130 157 17 732 24 732
0277046620130921 277 9 466 31 466
0674075420130928 674 55 754 17 -1
0314071820130829 718 34 314 7 718
0716019320130928 193 38 716 31 193
0711016420130829 164 18 711 33 164
0725069020131019 690 33 725 14 690
0306041620131012 306 28 416 42 416
0716003020130912 30 41 716 34 30
0196041920131005 196 24 419 17 419
0648003120131012 31 7 648 52 31
0277046520131012 277 37 465 39 465
0545019320130921 193 55 545 58 193
0388057420131207 388 24 574 41 574
0749041520131026 415 24 749 21 415
0257014720130831 147 38 257 35 147
0204058720130914 204 10 587 28 587
0434033420131109 334 17 434 48 334
0503029520130914 295 35 503 45 295
0483067120130914 671 70 483 7 671
0331064620131019 331 21 646 38 646
0193074620131019 193 35 746 22 746
0508000920130921 9 52 508 28 9
0545074220131012 545 9 742 19 742
0229057420130928 229 14 574 18 574
0110067420131019 110 10 674 24 674
0201062620130831 626 19 201 40 626
0754052920131019 529 62 754 38 529
0774041620130830 416 26 774 13 416
0005040020131116 5 14 400 13 400
0698070020130912 698 10 700 20 700
0067014720131012 67 14 147 24 147
0254000820131005 8 45 254 3 8
0129041820130831 129 9 418 59 418
0469012920130907 129 24 469 21 129
0587012820131121 128 41 587 17 128
0066062620131123 66 31 626 34 626
0674002820131207 28 14 674 38 28
0674073220131012 674 21 732 27 732
0574070620131012 574 27 706 21 706
0030003720130907 30 9 37 38 37
0706047320130831 473 13 706 21 473
0466062620131004 466 44 626 51 626
0294075620130921 756 56 294 0 756
0649046320130921 463 59 649 20 463
0749072520130921 725 11 749 25 725
0754002920131116 29 17 754 24 29
0029015720131026 29 44 157 20 157
0261049820130907 498 48 261 10 498
0706049720131123 497 13 706 21 497
0328031120131123 311 34 328 0 311
0008069720130914 8 49 697 42 697
0463055920131012 463 44 559 7 559
0043051920130921 519 38 43 0 519
0071008620131129 71 24 86 7 -1
0731063020130927 630 12 731 40 630
0674065720131116 657 20 674 17 657
0156071920130907 156 27 719 30 719
0559053920131116 539 45 559 21 539
0196038820131129 196 28 388 59 388
0312051820131019 312 24 518 34 518
0732075420131123 732 37 754 49 754
0043073620130907 736 38 43 3 736
0415065120130928 415 49 651 21 651
0255007720131012 77 38 255 20 77
0457074220131005 457 17 742 27 742
0709023520130831 235 24 709 6 235
0414033120131113 331 24 414 6 331
0741074620130921 746 49 741 0 746
0671003020131022 30 7 671 23 30
0433000820130928 8 25 433 0 8
0157075620131109 157 7 756 59 756
0433003720131005 37 30 433 22 37
0522005120131107 51 41 522 12 51
0031058720130921 31 24 587 28 587
1092038820130907 388 55 1092 0 388
0128040420131005 128 24 404 17 404
0430003120131123 31 17 430 24 31
0774020420131109 204 35 774 32 204
0632041520130921 415 77 632 7 415
0503033120131005 331 24 503 38 331
0539079620131130 539 31 796 24 796
0157015620130901 156 27 157 41 -1
0648012820130928 128 25 648 28 128
0725027720131130 277 49 725 42 277
0061023120130914 231 13 61 34 231
0465072120131121 465 41 721 21 721
0047074620131005 47 48 746 27 746
0721072620131005 721 10 726 28 726
0519000520131005 5 3 519 43 5
0418041620131102 416 29 418 6 416
0772049820131003 498 10 772 31 498
0204072520131012 204 25 725 50 725
0071050320131206 71 47 503 27 -1
0077074620130831 77 16 746 19 746
0180072620130914 726 51 180 7 726
0473070420130907 473 42 704 35 704
0742006720131102 67 34 742 27 67
0703069820131026 698 7 703 30 698
0651041620130907 416 21 651 6 416
0726019320131012 193 35 726 7 193
0419045720130907 419 20 457 40 457
0522051320130928 513 21 522 35 513
0523039220130907 392 47 523 10 392
0528052920131129 528 35 529 36 529
0513072120131026 513 45 721 10 721
0312055920131109 312 38 559 14 559
0110065720131130 110 35 657 14 657
0231039220130831 231 10 392 43 392
0334064820131005 334 28 648 35 648
0667075420130914 754 48 667 10 754
0769003720131012 37 62 769 3 37
0086033120131026 86 41 331 21 331
0430052120130831 430 3 521 21 -1
0107015720131116 107 24 157 41 157
0028011020131123 28 38 110 33 110
0703005120131207 51 30 703 10 51
0497066420131026 497 55 664 14 664
0704057420131026 574 45 704 7 574
0196045720130928 196 55 457 31 457
0575049020130907 490 23 575 21 490
0630046520131102 465 24 630 34 465
0625025420130830 254 21 625 31 254
0400079620130831 400 0 796 45 796
0128036720131018 128 38 367 35 367
0156073120131123 156 0 731 13 731
0651012820131129 128 23 651 20 128
0457049020131102 457 27 490 19 490
0472022920131123 229 55 472 10 229
0311032720131102 311 7 327 41 327
0430064820131102 430 16 648 34 648
0624069720130907 697 65 624 28 697
0029002820131130 28 58 29 21 28
0428047220130907 428 44 472 21 472
0367033420130914 334 13 367 27 334
0490074920131005 490 13 749 28 749
0315025420130921 254 26 315 32 254
0473081120131012 473 31 811 38 811
0690014020131011 140 38 690 20 140
0419022920130921 229 35 419 42 229
0521076820130928 521 21 768 30 768
0485058720130907 587 38 485 0 587
0164008620130928 86 41 164 12 86
0509030120131130 301 34 509 37 301
0630046620131116 466 38 630 16 466
0490006720131116 67 38 490 21 67
0674052820131026 528 12 674 20 528
0331036520130914 331 13 365 45 365
0772025420131102 254 28 772 44 254
0698031120131109 311 17 698 21 311
0716077220131026 716 32 772 26 772
0648069420131019 648 21 694 23 694
0664046320130907 463 56 664 13 463
0380040020130907 400 14 380 24 400
0295075420130921 295 0 754 42 754
0519020420131019 204 28 519 56 204
0328070320131102 328 13 703 35 703
0193074920131123 193 28 749 21 749
0698032720131116 327 33 698 31 327
0739006720130831 67 24 739 14 67
0366057420131116 366 14 574 52 574
0756067420131005 674 31 756 28 674
0415054520131129 415 41 545 31 545
0047077420131019 47 38 774 17 774
0235036520131012 235 6 365 17 365
0029010720131102 29 33 107 28 107
0031043320131109 31 24 433 34 433
0108046620130907 466 36 108 7 466
0657015720131123 157 29 657 47 157
0277052820130907 277 14 528 33 528
0664038820131102 388 61 664 13 388
0646025420131130 254 17 646 38 254
0295049720130831 295 6 497 40 497
0404016420131207 164 45 404 10 164
0457025520130921 255 28 457 20 255
0746045720131109 457 45 746 14 457
0519036720130901 367 49 519 7 367
0102002820130905 28 55 102 0 28
0700070320131128 700 16 703 41 703
0553067020130907 670 28 553 3 670
0277073120131102 277 10 731 47 731
0311076820131130 311 52 768 44 768
1004015720130907 157 38 1004 24 157
0231022920131129 229 21 231 6 229
0559030620131130 306 56 559 36 306
0700005120131116 51 63 700 34 -1
0086070920131112 86 41 709 51 709
0663014020131109 140 28 663 25 140
0725072120131102 721 42 725 28 721
0030077220131130 30 31 772 34 772
0521070020131102 521 52 700 34 700
0626027720131116 277 21 626 28 277
0574071920131005 574 30 719 27 719
0688050920130907 509 48 688 27 509
0156047320131116 156 66 473 42 473
0440066320130907 663 31 440 30 663
0700076820131019 700 37 768 27 768
0704069720131102 697 57 704 7 697
0749073620131130 736 23 749 21 736
0523054520131019 545 35 523 24 545
0388071920131114 388 45 719 34 719
0257023520131102 235 20 257 23 -1
0559079620130921 559 10 796 41 796
0502081120130914 811 35 502 7 811
0663040420131019 404 29 663 34 404
0201050320130921 503 43 201 39 503
0736069720131026 697 56 736 24 697
0483077420130907 774 23 483 27 774
0008033420131012 8 48 334 7 334
0528073220130914 528 51 732 48 732
0005041420131019 5 24 414 17 414
0473009620131123 96 69 473 28 96
0651016420131012 164 10 651 13 164
0416046320131116 416 41 463 28 463
0498052220130831 498 0 522 34 522
0380050920130921 509 35 380 21 509
0664003120130914 31 24 664 3 31
0513055920130914 513 31 559 24 559
0528075420131012 528 52 754 24 754
0695040420131109 404 21 695 6 404
0037036520130921 37 21 365 35 365
0346052120130914 521 59 346 3 521
0365043320131019 365 24 433 27 433
0489019320130831 193 45 489 0 193
0663065120131123 651 6 663 16 651
0630015620131012 156 27 630 34 156
0697043420131130 434 28 697 21 434
0574047220131019 472 19 574 45 472
0129046520130914 129 21 465 31 465
0473006620131130 66 45 473 17 66
0659030120130831 301 42 659 34 301
0157011020131102 110 45 157 23 110
0709007120131026 71 25 709 28 71
1320074920130829 749 31 1320 7 749
0709004720130928 47 31 709 24 47
0051032720131012 51 35 327 25 327
0414051920131026 414 16 519 41 519
0655069820130907 698 38 655 17 698
0234006720130928 67 34 234 48 67
0128023120130906 128 38 231 0 231
0703031120131003 311 30 703 31 311
0295081120130907 295 10 811 42 811
0811073120131130 731 35 811 7 731
0670066420130831 664 15 670 22 664
0768069820131102 698 27 768 30 698
0811063020131026 630 51 811 44 630
0388041920131024 388 49 419 51 419
0545068820131123 545 17 688 16 688
0528010720131019 107 17 528 49 107
0503040020131102 400 19 503 63 400
0204070920131102 204 16 709 55 709
0626047220130928 472 16 626 26 472
0690066320131026 663 59 690 49 663
0503031220130831 312 27 503 30 312
0028051320131005 28 34 513 37 -1
0367014020131205 140 24 367 31 140
0665028820130830 288 62 665 13 288
0518010720130914 107 34 518 52 107
0465047320130928 465 56 473 42 473
0694033420131130 334 14 694 27 334
0149064820131123 648 70 149 10 648
0071041420131105 71 45 414 3 414
0574000920131121 9 34 574 37 9
0503055920130928 503 55 559 24 559
0704047220130914 472 21 704 42 472
0164014020131019 140 41 164 16 140
0664019620131019 196 55 664 14 196
0331051920131119 331 44 519 13 519
0234054520130902 234 41 545 13 545
0509031220131026 312 17 509 10 312
0587066320131005 587 55 663 52 663
0301030620131109 301 35 306 52 306
0630027720131005 277 27 630 37 277
0043069420130831 694 45 43 0 694
0498074920130914 498 21 749 19 749
0367065120131026 367 34 651 3 651
0742041520131109 415 24 742 42 415
0473054520130914 473 27 545 49 545
0030043420130928 30 19 434 41 434
0067045720131026 67 10 457 34 457
0718070620131109 706 10 718 7 706
0140058720131116 140 52 587 17 587
0066075620130831 66 6 756 38 756
0466011020130831 110 58 466 20 110
0518050920131005 509 30 518 40 509
0688049020131012 490 10 688 24 490
0756011020131115 110 41 756 31 110
0688025520131019 255 56 688 0 255
0331004720131012 47 27 331 24 47
0416031220131005 312 14 416 26 312
0501002920130830 29 35 501 0 29
0749014720130928 147 56 749 7 147
0128053920130914 128 34 539 31 539
0663028820131129 288 34 663 0 288
0648025720130907 257 41 648 30 257
0096081120131109 96 48 811 10 811
0670003020131116 30 38 670 21 30
0301055920131123 301 20 559 16 559
0128066320131207 128 17 663 13 663
0690058720131102 587 23 690 20 587
0086051820130831 86 20 518 40 518
0522052120131207 521 24 522 33 521
0694000820131026 8 45 694 10 8
0768032820131116 328 31 768 19 328
0067047220131109 67 48 472 34 472
0400051920131129 400 23 519 51 519
0288058720131026 288 49 587 14 587
0671064620131207 646 30 671 8 646
0513067420131130 513 20 674 27 674
0428030620131102 306 39 428 42 306
0657052820131101 528 14 657 31 528
0706002920130914 29 38 706 13 29
0670029520131102 295 21 670 37 295
0067068820131130 67 31 688 34 688
0029046520130907 29 58 465 13 465
0718057420131130 574 17 718 13 574
0718022920131102 229 34 718 17 229
0328069820131012 328 17 698 27 698
0096063020131129 96 52 630 62 630
2678003020130831 30 62 2678 11 30
0147064820131130 147 17 648 31 648
0693025420130907 254 14 693 42 254
0518055920131102 518 56 559 0 559
0718036620130912 366 15 718 24 366
0418050920131116 418 27 509 19 509
0418053920131012 418 40 539 43 539
0009070620131026 9 31 706 52 706
0811067020130928 670 42 811 21 670
0754010720131005 107 22 754 44 107
0028073220131109 28 20 732 19 732
0235064820131116 235 14 648 19 648
0690029520130928 295 26 690 24 295
0231041920131109 231 0 419 48 419
0703007720130907 77 40 703 21 77
0414033420130907 334 41 414 7 334
0051069820131130 51 41 698 38 698
0518041620131207 416 34 518 24 -1
0327070020131109 327 49 700 26 700
0726051320131102 513 38 726 34 513
0255019320130914 193 14 255 38 193
0288057420130921 288 31 574 26 -1
0086005120130907 51 70 86 13 51
0726030620130907 306 35 726 41 306
0231070420131116 231 10 704 33 704
0758073120130914 731 70 758 6 731
0748068820130914 688 54 748 0 688
0141014720131123 147 52 141 6 147
0255074620131026 255 35 746 25 746
0559041620131019 416 14 559 0 416
0772067020131123 670 7 772 38 670
0416051320130921 416 13 513 17 513
0234023520131130 234 37 235 7 235
0663069720130921 663 13 697 42 697
0736023520131109 235 17 736 34 235
0327052120131005 327 29 521 33 521
0311052220131116 311 10 522 48 522
0067039220131123 67 29 392 26 392
0129041420131005 129 21 414 9 414
0305055920130907 559 20 305 14 559
0288069020130907 288 22 690 13 690
0047050320131113 47 27 503 48 503
0493032720130830 327 21 493 24 327
0306079620131116 306 3 796 51 796
0657002820130928 28 62 657 41 28
0090009620130907 96 41 90 25 96
0646067020131026 646 31 670 33 670
0528002820131116 28 30 528 17 28
0472011020130921 110 59 472 13 110
0539051820131026 518 63 539 14 518
0400007120131005 71 28 400 7 71
0725006720131005 67 48 725 27 67
0647014720130907 147 52 647 13 147
0086077420131012 86 33 774 0 774
0703076820131109 703 47 768 40 768
0774050320131126 503 33 774 14 503
0769074220130907 742 45 769 3 742
0731046520131109 465 24 731 28 465
0355033120130829 331 17 355 10 331
0147039220131026 147 40 392 27 392
0742074620131130 742 16 746 6 746
0446072520130830 725 28 446 12 725
0522032720131123 327 31 522 41 327
0719019620131109 196 58 719 24 196
0193074220131026 193 13 742 10 742
0008074220130831 8 35 742 10 -1
0419007720130927 77 37 419 10 77
0483052920130831 529 66 483 3 529
0771046520130921 465 38 771 7 465
0290020420130831 204 34 290 24 204
0746039220131012 392 27 746 26 392
0509079620131012 509 6 796 35 796
0433073620130829 433 39 736 35 736
0388074220130921 388 21 742 29 742
0419000920131102 9 21 419 24 9
0415045720131017 415 27 457 23 457
0509010720130831 107 30 509 44 107
0736064820130914 648 35 736 25 648
0334043020131024 334 22 430 28 430
0490023420131026 234 49 490 17 234
0327032820131130 327 31 328 10 328
0030049820131109 30 42 498 14 498
0009019620131116 9 14 196 63 196
0721015620131130 156 58 721 13 156
0664036620131109 366 36 664 13 366
0392023420131005 234 63 392 0 234
0746041520131123 415 45 746 26 415
0657051320131019 513 14 657 10 513
0463053920131123 463 23 539 20 539
0503012920131019 129 17 503 38 129
0736069420131123 694 10 736 14 694
0465046620131026 465 27 466 22 466
0110002920131109 29 26 110 31 29
0253023520131123 235 20 253 26 235
0497051920130907 497 21 519 27 519
0768039220130921 392 37 768 0 -1
0466009620131102 96 41 466 23 96
0626046520131130 465 45 626 19 465
0254067020131019 254 17 670 24 670
0129049020130928 129 14 490 48 490
0006025520131123 255 66 6 7 255
0428041620131130 416 14 428 3 416
0523045720131123 457 80 523 20 457
0732007720130921 77 13 732 20 77
0817041620130914 416 55 817 17 416
0754075620131129 754 17 756 27 756
0731073220130829 731 26 732 30 732
0732052920131116 529 44 732 21 529
0415019320131116 193 48 415 30 193
0196023120131102 196 34 231 13 231
0037069420131109 37 55 694 23 694
0090015620130914 156 34 90 17 156
0077073120131004 77 31 731 14 731
0434030620130921 306 28 434 45 306
0244036520131026 365 48 244 16 365
0400012920131123 129 37 400 0 129
0157002820131012 28 54 157 13 28
0366023120131026 231 7 366 23 231
0716067120131107 671 41 716 36 671
0632071620130907 716 66 632 3 716
0539042820131109 428 24 539 10 428
0625003120130907 31 31 625 21 31
0434043320131123 433 10 434 24 433
0254003020131123 30 35 254 33 30
0465042820130829 428 51 465 23 428
0626063020131109 626 34 630 30 630
0346036620130907 366 27 346 14 366
0229041520130830 229 6 415 34 415
0107067420131123 107 13 674 63 674
0311071920130926 311 38 719 21 719
0463042820131026 428 34 463 23 428
0434073620131005 434 51 736 28 736
0288012820131109 128 19 288 14 128
0650032820130907 328 31 650 14 328
0416050920131123 416 30 509 6 509
0704049720131109 497 41 704 7 497
0716025420131012 254 28 716 35 254
0288036720131116 288 13 367 20 367
0031000820131019 8 52 31 0 8
0646072620131116 646 14 726 42 726
0433043020131128 430 17 433 10 430
0257073620131019 257 27 736 31 736
0331053920130921 331 0 539 34 539
0204012920131129 129 42 204 10 129
0521070620130907 521 56 706 35 706
0693000820131123 8 49 693 0 8
0288070620130928 288 59 706 28 706
0498067020131012 498 21 670 14 670
0529074620130907 529 59 746 10 746
0414038820130831 388 52 414 14 388
0086041420131119 86 44 414 7 414
0392074920131019 392 10 749 34 749
0648043420131026 434 24 648 27 434
0774031220130921 312 59 774 3 312
0415023420131102 234 41 415 14 234
0392016420130914 164 21 392 32 164
0051032820131026 51 59 328 14 328
0768052220130907 522 16 768 7 522
0077051320131123 77 13 513 23 513
0231036720130921 231 0 367 72 367
2915005120130831 51 69 2915 3 51
0446077220130921 772 58 446 17 772
0697003120130928 31 33 697 45 31
0334025720131123 257 59 334 17 257
0545072620131026 545 21 726 24 726
0756052820131123 528 27 756 69 528
0028067420130921 28 28 674 42 674
0066073120131012 66 34 731 23 731
0140028820131123 140 24 288 17 -1
0574069720130831 574 31 697 52 697
0311070020131012 311 35 700 42 700
0077046620131130 77 28 466 23 466
0077079620131109 77 17 796 27 796
0299004720130829 47 51 299 28 47
0229019620130905 196 31 229 13 196
0400008620131019 86 32 400 3 86
0164069020131123 164 28 690 21 690
0096029520131005 96 61 295 14 295
0498067120131130 498 31 671 28 671
0312042820130928 312 23 428 7 428
0466023420130914 234 62 466 7 234
0404028820131012 288 25 404 15 -1
0294007720131116 77 59 294 13 77
0651028820131031 288 35 651 23 288
0392049020131130 392 41 490 21 490
0472070320130831 472 7 703 56 703
0228051820130921 518 76 228 0 518
0430003720130914 37 24 430 20 37
0646071820130907 646 41 718 39 718
0433070320130914 433 44 703 23 703
0732002920131019 29 35 732 24 29
0037003120131102 31 17 37 35 31
0786076820130831 768 24 786 17 768
0367069020131005 367 30 690 7 690
0754003720130831 37 31 754 24 37
0107052920130928 107 16 529 55 529
0697036520131123 365 34 697 10 365
0027025720131109 257 45 27 6 257
0030040420130921 30 7 404 31 404
0559014020130831 140 42 559 7 140
0416030120131026 301 3 416 42 301
0726063020131122 630 52 726 58 630
0528062620130921 528 34 626 30 626
0140030120130907 140 17 301 45 301
0472047320131005 472 17 473 66 473
0366032820130921 328 13 366 10 328
0257069420131005 257 34 694 31 694
0147049020130919 147 26 490 14 490
0774070920131005 709 47 774 20 709
0721006620130913 66 42 721 20 66
0008003720131130 8 28 37 34 37
0107011020131012 107 10 110 37 110
0700066320130830 663 23 700 41 663
0096027720130928 96 42 277 37 277
0030064620131102 30 17 646 16 646
0718049820130928 498 14 718 31 498
0366070620131130 366 10 706 30 706
0404065120131116 404 23 651 10 651
0725036620130928 366 16 725 35 -1
0295043320131026 295 14 433 59 433
0317000520130907 5 35 317 33 5
0758073220130907 732 70 758 7 732
0254049820131026 254 10 498 38 498
0005007120130928 5 14 71 31 71
0009071620130831 9 31 716 34 716
0107075620131026 107 17 756 41 756
0664000920131130 9 27 664 62 9
0796030120131019 301 32 796 56 301
0664006620130928 66 60 664 7 66
0698052120131019 521 24 698 10 521
0654043320130907 433 31 654 13 433
0465009620131019 96 38 465 14 96
0704015620130928 156 59 704 42 156
0700052220131026 522 38 700 30 522
0254076820130914 254 7 768 41 768
0428041820131005 418 42 428 13 418
0164066320131116 164 21 663 38 663
0667064620130829 646 21 667 22 646
0311005120131019 51 71 311 7 51
0742019620130914 196 10 742 15 196
0769041920130829 419 45 769 24 419
0204008620131005 86 42 204 14 86
0519008620131105 86 30 519 3 86
0709043420130907 434 38 709 23 434
0670070020130921 670 7 700 33 700
0518030120131116 301 35 518 60 301
0498064620131123 498 14 646 36 646
0110046320130914 110 41 463 21 463
0434003720131207 37 59 434 42 -1
0156027720131026 156 35 277 28 277
0404041920130914 404 15 419 17 419
0229066420131116 229 41 664 7 664
0096062620131026 96 35 626 28 626
0694052920130914 529 59 694 14 529
0193045720131130 193 27 457 25 457
0128069020131116 128 39 690 36 690
0156081120131019 156 52 811 22 811
0207070920130914 709 33 207 21 709
0694043420131102 434 31 694 3 434
0255014720131114 147 55 255 31 147
0061023420130921 234 54 61 6 234
0334077220130831 334 26 772 35 -1
0472067120131102 472 35 671 49 671
0698052220131005 522 20 698 17 522
0706071920131102 706 34 719 15 719
0071033120130907 71 41 331 22 331
0518041820131130 418 41 518 42 418
0234014720131019 147 14 234 51 147
0669031220130907 312 28 669 14 312
0331000520131102 5 16 331 7 5
0670071620131129 670 28 716 42 716
0719036620131123 366 14 719 24 366
0005050320131012 5 20 503 27 503
0388051920130914 388 31 519 34 519
0742025520130926 255 10 742 17 255
0663069820130928 663 17 698 48 698
0721046620130928 466 45 721 42 466
0529015720131005 157 16 529 57 157
0709000520131129 5 31 709 29 5
0066009620130920 66 40 96 41 96
0295023420131123 234 80 295 14 234
0009038820131109 9 14 388 56 388
0414030120130928 301 50 414 14 301
0306041820131019 306 47 418 63 418
0651058720131207 587 31 651 6 587
0140041420130921 140 14 414 0 414
0736040020130921 400 7 736 24 400
0047020420130921 47 51 204 20 204
0229003720131026 37 45 229 10 37
0463041820131109 418 13 463 17 418
0071030620130914 71 10 306 42 306
0694023520130921 235 31 694 17 235
0704071820131123 704 3 718 45 718
0301046320131005 301 19 463 39 463
0047000520131026 5 24 47 42 5
0129004720131106 47 44 129 24 47
0796042820131123 428 7 796 20 428
0626051820130907 518 42 626 7 518
0587036720131010 367 24 587 10 367
0772069420130907 694 52 772 20 694
0140065120131005 140 20 651 26 651
0140040420131030 140 34 404 21 404
0306051820131123 306 14 518 42 518
0719071820131026 718 14 719 7 718
0811046320130831 463 37 811 34 463
0418031220131123 312 24 418 21 312
0157052820130928 157 17 528 44 528
0754065720130907 657 7 754 10 657
0414040020131012 400 17 414 10 400
0312031120130914 311 21 312 27 311
0008043020131116 8 20 430 7 430
0706070420130921 704 13 706 32 704
0204050320131026 204 20 503 59 503
0519007120131112 71 49 519 0 71
0719052220130914 522 51 719 20 522
0774040020131026 400 30 774 31 400
0523019620130831 196 52 523 38 196
0207052820130831 528 46 207 49 528
0277081120131123 277 56 811 59 811
0695006620130907 66 63 695 14 66
0772064620130914 646 31 772 24 646
0473062620131102 473 30 626 35 626
0626072120131010 626 27 721 20 721
0071020420131123 71 58 204 7 204
0328052120131109 328 6 521 42 521
0002047220131026 472 34 2 29 472
0202036720130907 367 44 202 7 367
0454043420130831 434 58 454 14 434
0365043020131005 365 59 430 26 430
0366049020130831 366 14 490 40 490
0066007720131025 66 20 77 37 77
0630042820130921 428 43 630 24 428
0392074220131116 392 27 742 24 742
0731009620131207 96 24 731 17 96
0513054520131109 513 21 545 28 545
0731072120130907 721 20 731 52 721
0756030120130914 301 24 756 34 -1
0066015620131102 66 42 156 30 156
0102063020130829 630 24 102 0 630
0508014020130914 140 66 508 9 140
1068025520130831 255 70 1068 0 255
0497071920131130 497 42 719 10 719
0257003720131116 37 43 257 38 37
0402065120130831 651 21 402 53 651
0771042820130914 428 29 771 12 428
0545025520131102 255 21 545 10 255
0466015620131109 156 38 466 17 156
0077028820131019 77 47 288 46 288
0331077420130928 331 32 774 14 774
0539068820130831 539 23 688 17 -1
0031036520131129 31 27 365 31 365
0796031220131102 312 9 796 28 312
0692079620130907 796 48 692 0 796
0497025720130921 257 45 497 21 257
0498071620131031 498 49 716 37 716
0147068820131005 147 49 688 14 688
0153072120130831 721 38 153 13 721
0521031120131026 311 27 521 58 311
0716043320131116 433 51 716 21 433
0768032720131026 327 35 768 12 327
0454007120130921 71 48 454 7 71
0746054520130928 545 14 746 3 545
0071043020131012 71 20 430 21 430
0796002820130914 28 32 796 30 28
0029065720131010 29 31 657 38 657
0671000520130921 5 30 671 35 5
0430069720131109 430 41 697 51 697
0690051320130831 513 28 690 6 513
0688023420131116 234 59 688 3 234
0716043020130921 430 62 716 7 430
0657010720131109 107 28 657 62 107
0731047320131019 473 10 731 45 473
0587009620130829 96 52 587 51 96
0009073620130928 9 24 736 52 736
0301053920131102 301 17 539 24 539
0521070320131116 521 38 703 13 703
0196071820131012 196 33 718 36 718
0490019320131109 193 38 490 20 193
0719070420131012 704 20 719 34 704
0630067420130907 630 13 674 34 674
0164012820131026 128 62 164 17 128
0434025720131012 257 26 434 41 257
0774050920130914 509 38 774 17 509
0414004720131129 47 55 414 14 47
0419066420131123 419 42 664 21 664
0129077420131116 129 27 774 22 774
0048015720131019 157 43 48 10 157
